Id,car_ordinal,Height,Length,Width,Wheelbase,ModelFrontTrackOuter,ModelRearTrackOuter,BottomCenterWheelbasePosx,BottomCenterWheelbasePosy,BottomCenterWheelbasePosZ,PristineBoundingBoxMinZ,PristineBoundingBoxMaxZ
247000,247,1.16,4.178,1.6,2.329,1.48015,1.51989,0.0,0.0,0.0,-2.119805,2.098352
249000,249,1.21,4.325,1.6,2.4,1.549,1.564,0.0,0.0,0.0,-2.147889,2.151631
251000,251,1.3,4.52,1.79,2.4,1.573557,1.581363,-0.000165,0.0,-0.233788,-2.166641,2.149368
253000,253,1.17,4.25,1.9,2.45,1.783,1.856,0.0,0.0,0.118501,-2.223844,2.224412
255000,255,1.135,4.48,1.976,2.55,1.784147,1.949265,-0.000141,0.0,0.135,-2.276336,2.338086
260000,260,1.32,4.102,1.652,2.271,1.69,1.7,0.0,0.0,0.0,-2.160502,2.235605
261000,261,1.265,4.245,1.795,2.272,1.66,1.815,0.0,0.0,0.0,-2.250385,2.233509
262000,262,1.27,4.435,1.77,2.355,1.697,1.769,0.0,0.0,0.0,-2.26595,2.320635
265000,265,1.31,4.291,1.775,2.271,1.69,1.74,0.0,0.0,0.0,-2.190891,2.210774
268000,268,1.275,4.29,1.735,2.4,1.70281,1.68823,0.0,0.0,0.0,-2.185499,2.19639
269000,269,1.28,4.29,1.838,2.273,1.774219,1.828724,0.0,0.0,0.0025,-2.167342,2.220842
281000,281,1.341,4.897,1.819,2.743,1.735,1.701,0.0,0.0,-0.02,-2.606417,2.30964
289000,289,1.311,4.724,1.88,2.743,1.72857,1.72621,0.000219,0.0,-0.011922,-2.389149,2.374521
292000,292,1.166,4.613,1.921,2.73,1.854,1.873,0.0,0.0,0.0,-2.393876,2.400972
295000,295,1.306,4.331,1.735,2.601,1.695168,1.685095,-0.000482,0.0,0.046638,-2.225242,2.341114
296000,296,1.03,4.3,1.96,2.642,1.805902,1.823,0.0,0.0,0.0,-2.149442,2.254708
299000,299,1.359,5.009,1.93,2.845,1.773232,1.77566,4.5e-05,0.0,-0.162915,-2.497024,2.534149
302000,302,1.43,4.135,1.695,2.57,1.663162,1.663162,0.0,0.0,0.039559,-2.140529,2.150597
306000,306,1.244,3.962,1.727,2.286,1.649007,1.649007,0.0,0.0,0.0,-2.124571,1.890161
309000,309,1.32,4.05,1.796,2.47,1.604348,1.582839,0.0,0.0,0.100792,-2.111508,2.075538
312000,312,1.265,4.448,1.768,2.489,1.652025,1.674908,-0.000436,0.0,-0.117711,-2.21579,2.234417
314000,314,1.211,4.565,1.869,2.655,1.848733,1.888706,0.0,0.0,-0.123668,-2.144467,2.533731
315000,315,1.204,4.635,1.752,2.489,1.76646,1.764272,0.0,0.0,-0.052997,-2.354263,2.3104
316000,316,1.07,4.14,2.0,2.5,1.780284,1.959108,0.0,0.0,0.078293,-2.187797,2.14792
320000,320,1.27,3.8,1.675,2.32,1.656348,1.645524,0.0,0.0,0.0,-1.987884,1.996055
323000,323,1.365,3.898,1.767,2.479,1.705163,1.706434,0.0,0.0,0.0,-2.017159,2.000319
324000,324,1.115,4.43,2.04,2.65,1.775,1.995,0.0,0.0,0.0,-2.175938,2.305454
325000,325,1.115,4.47,2.04,2.65,1.77482,1.9752,0.000255,0.082,0.025,-2.226932,2.337069
326000,326,1.135,4.235,1.7,2.34,1.6,1.59242,0.0,0.0,0.0,-2.175026,2.158542
327000,327,1.295,4.374,1.735,2.51,1.695869,1.695862,3.0e-06,0.0,0.040522,-2.32396,2.248684
333000,333,1.147,4.702,2.035,2.65,1.907911,1.993,0.0,0.0,0.0,-2.393449,2.415755
336000,336,1.222,4.445,1.656,2.438,1.491319,1.491319,0.0,-0.045,-0.081963,-2.224548,2.225201
338000,338,1.2,4.928,1.92,2.718,1.888,1.96115,0.0,0.035,0.264072,-2.506388,2.578673
340000,340,1.124,4.358,1.97,2.45,1.84225,1.96255,0.0,0.05,0.06,-2.198526,2.270879
342000,342,1.12,4.48,1.986,2.58,1.909656,2.014037,-0.00017,0.0,0.109722,-2.324977,2.292474
343000,343,1.29,4.136,1.63,2.305,1.54477,1.58077,0.0,0.0,0.073263,-2.183363,1.967815
344000,344,1.315,4.31,1.815,2.65,1.73716,1.75051,-0.002422,0.0,-0.027325,-2.250049,2.30275
345000,345,1.245,4.305,1.79,2.45,1.75413,1.736,2.0e-06,0.0,-0.011571,-2.226391,2.230058
348000,348,1.125,4.643,1.953,2.71,1.834098,1.909605,0.0,0.0,0.115792,-2.445654,2.329215
353000,353,1.415,3.985,1.664,2.475,1.62584,1.64146,0.000464,0.0,0.047885,-2.06863,2.054298
357000,357,1.285,4.59,1.84,2.47,1.799984,1.80015,-3.8e-05,0.0,-0.014606,-2.365283,2.3717
358000,358,1.15,4.225,1.85,2.45,1.7185,1.882395,0.0,0.0,0.090268,-2.187449,2.162874
363000,363,1.39,4.365,1.77,2.52,1.701,1.70112,0.0,0.0,0.0,-2.32432,2.275746
364000,364,1.425,4.415,1.74,2.525,1.717008,1.717011,0.0,0.0,0.001645,-2.227984,2.304163
365000,365,1.425,4.465,1.74,2.54,1.743701,1.748468,-0.00174,0.0,-0.017414,-2.340037,2.384031
368000,368,1.275,4.38,1.71,2.57,1.675,1.675,-5.0e-06,0.0,-0.012,-2.27113,2.340295
374000,374,1.45,4.49,1.77,2.625,1.66871,1.685867,7.6e-05,0.0,-0.02,-2.28923,2.399704
378000,378,1.45,4.49,1.77,2.625,1.69,1.7,7.6e-05,0.0,-0.02,-2.421488,2.350051
379000,379,1.425,4.635,1.73,2.67,1.720842,1.715842,0.0,0.0,0.0,-2.466946,2.438256
382000,382,1.336,4.433,1.709,2.7,1.654726,1.6588,1.1e-05,0.0,-0.102792,-2.213411,2.266699
383000,383,1.371,4.493,1.78,2.73,1.745627,1.7236,-0.001094,0.0,-0.109312,-2.309543,2.335193
391000,391,1.205,5.143,2.1,2.8,1.918508,2.002325,0.0,0.0,0.082664,-2.686595,2.667633
398000,398,1.24,4.14,1.7,2.4,1.695723,1.675723,0.0,0.0,-0.027485,-2.099128,2.163629
405000,405,1.326,4.661,1.857,2.573,1.755252,1.786201,0.0,0.0,0.0,-2.449806,2.468361
411000,411,1.16,4.43,1.81,2.53,1.737,1.805655,-0.00033,0.0,0.002448,-2.261362,2.322958
412000,412,1.17,4.43,1.81,2.53,1.794322,1.833761,0.0,0.0,0.0,-2.240824,2.283539
417000,417,1.387,5.095,1.918,2.746,1.780323,1.778341,0.0,0.0,-0.060527,-2.626909,2.570877
419000,419,1.415,4.586,1.816,2.648,1.817625,1.817626,0.001492,0.0,-0.031998,-2.419961,2.410198
420000,420,1.425,4.859,1.849,2.758,1.811208,1.82113,0.0,0.0,0.0,-2.479429,2.500221
422000,422,1.4,4.374,1.725,2.57,1.69171,1.691712,0.0,0.0,-0.000412,-2.271426,2.268964
423000,423,1.264,4.315,1.689,2.43,1.653531,1.62531,0.0,0.0,0.0,-2.249123,2.239986
427000,427,1.285,4.135,1.75,2.4,1.646,1.72,0.0,0.0,0.01,-2.239446,2.10017
433000,433,1.175,4.057,1.85,2.361,1.839934,1.838637,5.4e-05,0.065,-0.006455,-2.066729,2.150586
440000,440,1.295,4.52,1.73,2.525,1.69,1.68,0.0,0.0,0.005,-2.32007,2.324841
455000,455,1.335,4.285,1.625,2.4,1.57026,1.58816,0.002104,0.0,-0.059995,-2.159271,2.189209
458000,458,1.114,3.71,1.75,2.18,1.6,1.662,0.003265,0.0,0.085696,-1.94584,1.8691
460000,460,1.3,4.62,1.745,2.595,1.708812,1.700812,0.0,0.0,0.0,-2.433033,2.409807
461000,461,1.275,4.52,1.81,2.55,1.76,1.78,0.0,0.0,-0.028355,-2.424824,2.3812
483000,483,1.194,4.488,1.923,2.443,1.775669,1.85,0.0,0.0,-0.047,-2.317517,2.324706
489000,489,1.15,4.93,2.0,2.64,2.00856,1.96869,0.0,0.0,0.0,-2.526565,2.601137
513000,513,1.351,5.283,1.946,2.972,1.82238,1.82238,0.0,0.0,-0.189749,-2.471396,2.452663
567000,567,1.14,4.719,1.999,2.72,1.97554,1.98315,0.0,0.0,0.0,-2.500537,2.34638
568000,568,1.164,4.855,1.95,2.67,1.96573,1.925377,0.0,0.0,0.0,-2.568969,2.55163
569000,569,1.16,4.61,1.9,2.53,1.727,1.78,-0.00033,0.0,0.002448,-2.326663,2.346968
615000,615,1.376,4.03,1.8,2.56,1.773975,1.771975,0.0,0.0,0.0,-2.047088,2.089551
625000,625,1.445,4.285,1.785,2.635,1.749643,1.748237,0.000433,0.0,0.052177,-2.264658,2.228467
633000,633,1.344,4.161,1.781,2.223,1.728785,1.728785,0.0,0.0,0.001606,-2.164307,2.137445
634000,634,1.323,3.664,1.752,2.43,1.550888,1.727984,0.0,0.0,-0.01664,-1.900984,1.938937
637000,637,1.05,4.37,1.76,2.504,1.65711,1.65711,0.0,0.0,0.039,-2.191451,2.184996
639000,639,1.293,4.859,1.933,2.794,1.756495,1.728495,0.0,0.0,0.0,-2.443881,2.443878
641000,641,1.173,4.724,1.98,2.87,1.930811,1.864485,0.0,0.0,0.0,-2.42465,2.452465
1006000,1006,1.147,4.831,2.035,2.65,1.9,1.95,0.0,0.0,-0.005,-2.460442,2.345309
1007000,1007,1.03,4.293,1.996,2.66,1.961486,2.0,0.0,0.0,0.0,-2.164573,2.15568
1009000,1009,1.48,4.495,1.81,2.65,1.799572,1.799094,-0.000239,0.0,-0.0117,-2.31826,2.347852
1011000,1011,1.418,4.615,1.817,2.761,1.758456,1.774134,0.0,0.0,-0.118672,-2.306468,2.429156
1020000,1020,1.092,4.578,1.986,2.58,1.9371,1.94513,0.0,0.0,0.0,-2.252705,2.278069
1022000,1022,1.199,4.512,1.923,2.6,1.853589,1.927074,0.00016,0.0,0.070001,-2.227269,2.403902
1023000,1023,1.15,4.535,1.98,2.45,1.855072,1.923322,0.0,0.0,0.0,-2.229619,2.256931
1032000,1032,1.341,4.379,1.895,2.654,1.901814,1.894423,0.000758,0.0,0.0,-2.209913,2.381343
1034000,1034,1.305,4.42,1.75,2.535,1.7325,1.7297,0.0,0.0,0.047743,-2.243659,2.340767
1040000,1040,1.14,4.346,1.823,2.56,1.777853,1.825404,4.6e-05,0.0,0.098403,-2.18137,2.258656
1041000,1041,1.323,4.562,1.735,2.553,1.65023,1.66023,0.0,0.0,0.018115,-2.284575,2.445122
1042000,1042,1.37,4.33,1.665,2.57,1.577523,1.572523,0.0,0.0,0.0,-2.389551,2.007248
1045000,1045,1.262,4.866,1.828,2.581,1.789095,1.811095,0.0,0.0,0.022895,-2.433,2.582028
1046000,1046,1.209,4.46,1.91,2.509,1.842404,1.932421,-0.000825,0.0,-0.073838,-2.221088,2.336598
1052000,1052,1.89,5.159,2.029,3.061,2.02,1.985,0.0,0.0,0.0,-2.691813,2.83553
1059000,1059,1.287,4.113,1.781,2.497,1.692,1.73376,0.0,0.0,0.0,-2.047292,2.162845
1060000,1060,1.476,4.415,1.796,2.624,1.77402,1.784,0.0,0.0,0.0,-2.246936,2.328003
1063000,1063,1.346,5.753,1.946,2.972,1.770897,1.759121,0.0,0.0,-0.189749,-2.871609,2.881391
1064000,1064,1.25,5.019,1.892,2.743,1.804525,1.804525,0.0,-0.03,0.0,-2.542423,2.490788
1069000,1069,1.244,4.476,1.928,2.685,1.919268,1.946201,0.0,0.0,0.055824,-2.229892,2.40734
1086000,1086,1.484,4.402,1.842,2.64,1.845155,1.874543,0.001262,0.0,0.03834,-2.220564,2.304163
1090000,1090,1.308,4.589,1.96,2.56,1.96054,1.96074,-0.000227,0.0,-0.114616,-2.200688,2.527187
1093000,1093,1.328,4.501,1.849,2.591,1.67,1.67,-8.8e-05,0.0,-0.1177,-2.277053,2.306302
1103000,1103,1.316,4.244,1.844,2.55,1.854192,1.86466,-1.2e-05,0.0,-0.011838,-2.088507,2.282165
1104000,1104,1.41,4.12,1.56,2.42,1.49701,1.49701,0.005474,0.0,-0.191278,-2.005605,2.061965
1105000,1105,1.346,4.572,1.676,2.489,1.53,1.53,-0.000237,0.0,-0.242823,-2.269694,2.391937
1108000,1108,1.321,3.998,1.763,2.53,1.750541,1.745541,0.0,0.0,0.003093,-1.957978,2.17114
1110000,1110,1.224,3.947,1.674,2.266,1.6016,1.6016,0.0,0.02,-0.042945,-1.969736,2.087581
1124000,1124,1.36,4.19,1.72,2.49,1.66,1.679007,0.0,0.0,-0.178991,-2.130703,2.08709
1126000,1126,1.468,4.864,1.847,2.888,1.81,1.8,0.0,0.0,0.0,-2.406253,2.624801
1130000,1130,1.197,4.509,1.908,2.67,1.879996,1.867731,0.0,0.0,0.16939,-2.254833,2.278573
1131000,1131,1.213,4.527,1.937,2.65,1.920266,1.915857,0.0,0.0,0.16993,-2.265112,2.400934
1150000,1150,1.32,3.97,1.58,2.35,1.512115,1.496909,0.0,0.0,-0.136903,-2.055115,2.145585
1155000,1155,1.18,4.15,1.72,2.286,1.600572,1.672501,0.0,0.0,-0.037,-2.200408,2.178021
1171000,1171,1.283,4.787,1.972,2.75,1.95,1.911,0.0,0.0,0.0,-2.410701,2.453217
1173000,1173,1.135,4.704,2.057,2.664,1.880037,2.029813,0.0,0.0,0.078463,-2.367987,2.404884
1175000,1175,1.141,4.886,2.014,2.785,1.91095,2.00299,0.0,0.0,0.0,-2.409462,2.457559
1184000,1184,1.456,4.928,1.889,2.846,1.87156,1.88256,0.0,0.0,0.0,-2.453819,2.601419
1200000,1200,1.195,4.47,1.984,2.65,1.929585,1.992485,0.0,0.0,0.0,-2.26962,2.242278
1204000,1204,1.435,4.299,1.848,2.639,1.846121,1.796992,-4.0e-06,0.0,3.3e-05,-2.103719,2.188798
1215000,1215,1.494,4.949,1.868,2.838,1.836,1.862,0.0,0.0,0.0,0.0,0.0
1216000,1216,1.402,4.302,1.794,2.578,1.794023,1.758023,0.0,0.0,-0.000242,-2.106102,2.341916
1220000,1220,1.342,4.198,1.842,2.468,1.810586,1.802064,-0.000548,0.0,0.04547,-2.098252,2.235458
1221000,1221,1.46,4.511,1.77,2.639,1.714794,1.714793,0.0,0.0,0.044122,-2.253359,2.253508
1229000,1229,0.978,4.563,1.956,2.79,1.91,1.92,0.0,0.0,0.0,-2.259983,2.417865
1231000,1231,1.501,4.213,1.786,2.578,1.77207,1.773249,-1.6e-05,0.0,0.05,-2.128984,2.111843
1253000,1253,1.14,4.36,1.91,2.54,1.84365,1.85951,0.0,0.0,0.0,-2.189882,2.304163
1260000,1260,1.22,4.505,1.895,2.605,1.858694,1.888623,0.0,0.0,-0.020759,-2.323161,2.345026
1269000,1269,1.41,4.22,1.62,2.5,1.550656,1.523974,0.0,0.0,-0.13334,-2.140641,2.110979
1270000,1270,1.14,4.267,1.988,2.408,1.815,1.85,0.0,0.0,-0.003,-2.140802,2.216701
1272000,1272,1.425,4.211,1.734,2.551,1.69905,1.698879,0.0,0.0,-0.064192,-2.103957,2.178222
1273000,1273,1.36,4.18,1.695,2.62,1.702058,1.702058,0.0,0.0,0.081005,-2.094108,2.227331
1276000,1276,1.257,4.999,1.864,2.748,1.811533,1.829925,0.0,-0.015,-0.079253,-2.4828,2.519622
1277000,1277,1.293,4.74,1.902,2.743,1.719311,1.719311,0.0,0.0,-0.203428,-2.206886,2.535498
1278000,1278,1.369,4.808,1.9,2.819,1.73358,1.75358,0.0,0.0,0.0,-2.437262,2.369396
1282000,1282,1.29,4.521,1.689,2.474,1.696697,1.696697,0.0,0.0,0.039772,-2.337819,2.31892
1291000,1291,1.372,5.26,1.923,2.946,1.767978,1.767978,0.0,0.0,-0.127677,-2.726562,2.549165
1293000,1293,1.377,4.458,1.727,2.608,1.646799,1.753255,0.0,0.0,-0.118428,-2.201767,2.256404
1294000,1294,1.524,4.584,1.732,2.75,1.707844,1.707844,0.0,0.0,-0.129897,-2.314112,2.397608
1296000,1296,1.342,4.43,1.72,2.665,1.698349,1.704349,0.0,0.0,-0.125575,-2.231003,2.318982
1299000,1299,1.43,4.878,1.71,2.65,1.635659,1.58066,9.9e-05,0.0,-0.234677,-2.316118,2.523916
1300000,1300,1.346,5.331,2.022,3.023,1.79871,1.73971,0.0,0.0,0.0,-2.846684,2.481884
1301000,1301,1.12,3.912,1.661,2.301,1.541665,1.48811,0.0,0.0,0.0,-1.980524,2.014764
1314000,1314,1.14,4.288,1.82,2.718,1.827313,1.814035,0.0,0.0,0.264072,-2.207132,2.157234
1323000,1323,1.471,4.58,1.796,2.624,1.799805,1.809805,0.0,0.0,1.2e-05,-2.288073,2.450092
1330000,1330,1.283,4.775,1.89,2.743,1.796529,1.763041,-0.000582,0.0,-0.04043,-2.408691,2.385101
1332000,1332,1.369,4.963,1.768,2.819,1.658973,1.700888,2.1e-05,0.0,-0.13982,-2.599755,2.39767
1335000,1335,1.003,4.782,1.994,2.66,1.887394,1.924139,-1.0e-06,0.01,-0.093991,-2.362172,2.407039
1350000,1350,1.763,4.851,1.994,2.934,1.95814,2.024809,0.0,0.0,-0.075561,-2.446935,2.593091
1352000,1352,1.389,5.314,1.951,2.972,1.806525,1.765976,0.0,0.0,0.0,-2.726403,2.645932
1355000,1355,1.298,4.613,1.732,2.743,1.665469,1.665469,0.0,0.0,0.0,-2.307269,2.299485
1367000,1367,1.438,4.783,1.801,2.83,1.765203,1.765203,0.0,0.0,-0.107621,-2.410518,2.411865
1368000,1368,1.4,4.62,1.699,2.624,1.651806,1.651806,0.0,0.0,0.0,-2.385069,2.316342
1369000,1369,1.141,4.435,2.055,2.73,1.901209,1.971206,0.0,0.0,0.0,-2.082732,2.43966
1376000,1376,1.201,3.726,1.702,2.301,1.627164,1.7032,0.0,0.0,0.0,-1.868304,2.017753
1379000,1379,1.389,5.438,1.969,2.944,1.87,1.87,0.0,0.0,0.0,-2.835332,2.56588
1381000,1381,1.41,4.56,1.694,2.601,1.69,1.67,0.0,0.0,0.0,-2.302206,2.399255
1382000,1382,1.359,4.511,1.689,2.581,1.66,1.664,0.0,0.0,-0.053818,-2.25956,2.28808
1388000,1388,1.456,4.91,1.89,2.964,1.876946,1.860127,0.0,0.0,0.000241,-2.60075,2.41501
1392000,1392,1.166,4.338,1.92,2.56,1.88068,1.88821,0.0,0.0,0.0,-2.168885,2.294776
1393000,1393,1.44,4.443,1.7,2.54,1.695,1.625,0.0,0.0,0.0,-2.125996,2.370052
1394000,1394,1.524,4.326,1.732,2.553,1.715,1.635,0.0,0.0,0.005,-2.027314,2.397608
1395000,1395,1.234,3.95,1.666,2.319,1.640239,1.641077,0.0,0.0,0.065276,-2.004449,1.980328
1397000,1397,1.12,4.293,1.996,2.662,1.958,1.961,0.0,0.0,0.040323,-2.123341,2.310895
1398000,1398,1.136,4.78,2.03,2.7,1.959,2.012,0.0,0.0,0.113393,-2.489581,2.479112
1417000,1417,1.366,4.649,1.86,2.751,1.81052,1.83806,0.001,0.0,-0.075148,-2.311545,2.412639
1418000,1418,1.392,4.72,1.751,2.761,1.726019,1.70714,0.0,0.0,0.0,-2.508851,2.297738
1426000,1426,1.341,4.46,1.77,2.703,1.72599,1.73099,0.0,0.0,0.0,-2.283435,2.302804
1428000,1428,1.394,4.248,1.82,2.578,1.77207,1.773249,-1.6e-05,0.0,0.092755,-2.127598,2.285002
1429000,1429,1.334,4.811,1.839,2.819,1.77175,1.746035,0.001839,0.0,-0.232401,-2.396441,2.391232
1435000,1435,1.5,4.07,1.54,2.4,1.47,1.453,0.0,0.0,-0.079621,-2.066097,1.980211
1459000,1459,1.486,5.029,1.88,2.921,1.716456,1.716456,0.0,0.0,0.0,-2.574587,2.573503
1477000,1477,1.85,4.863,1.974,2.933,1.984,1.999,0.0,0.0,-0.293905,-2.270872,2.884932
1478000,1478,1.344,4.24,1.86,2.224,1.82,1.82,0.0,0.0,0.07768,-2.286989,2.223082
1480000,1480,1.26,4.321,1.669,2.421,1.62,1.61,0.0,0.0,-0.105977,-2.089715,2.244989
1481000,1481,1.15,4.0,1.54,2.34,1.422,1.463,0.0,0.0,0.0,-2.035213,1.997091
1493000,1493,1.341,4.78,1.854,2.685,1.82,1.8,0.0,0.0,0.0,-2.430798,2.445517
1500000,1500,1.392,4.707,1.88,2.766,1.818337,1.820337,0.0,0.0,-0.057256,-2.413573,2.458583
1513000,1513,1.3,4.223,1.775,2.514,1.72954,1.75513,0.0,0.0,0.0,-2.124945,2.209484
1514000,1514,1.377,4.064,1.6,2.311,1.539155,1.53079,0.0,0.0,0.0,-2.043036,2.030506
1517000,1517,1.305,4.43,1.745,2.525,1.733398,1.7204,0.0,0.0,-0.000416,-2.169062,2.338653
1522000,1522,1.801,3.881,1.872,2.423,1.809695,1.829695,0.0,0.0,0.0,-2.238554,2.090235
1529000,1529,1.263,4.186,1.646,2.559,1.603256,1.491685,0.0,0.0,-0.068566,-2.156737,2.106009
1532000,1532,1.08,4.656,1.961,2.799,1.87722,1.94877,0.0,0.0,0.102711,-2.33473,2.358283
1533000,1533,1.325,4.509,1.704,2.586,1.64,1.635,0.0,0.0,0.0,0.0,0.0
1537000,1537,1.336,4.049,1.595,2.334,1.445,1.47,0.0,0.0,0.0,0.0,0.0
1549000,1549,0.991,3.97,1.709,2.35,1.587969,1.725728,0.0,0.0,0.081947,-2.054139,2.000906
1559000,1559,1.1,4.3,1.74,2.37,1.5211,1.56851,0.0,0.0,0.0,-2.14934,2.153072
1562000,1562,1.246,4.463,1.941,2.51,1.897073,1.906417,0.0,0.0,-0.069421,-2.245904,2.329588
1564000,1564,1.194,4.242,1.778,2.591,1.63011,1.6741,0.0,0.0,0.0,-2.146785,2.122116
1568000,1568,1.32,3.65,1.505,2.2,1.48,1.46,0.0,0.0,0.0,0.0,0.0
1575000,1575,1.394,5.141,1.824,2.743,1.745,1.715,0.0,0.0,0.0,0.0,0.0
1578000,1578,1.29,4.41,1.75,2.4,1.620982,1.615395,0.0,0.0,0.0,-2.207576,2.195775
1586000,1586,1.364,5.41,1.996,3.124,1.802,1.774,0.0,0.0,0.0,-2.731915,2.694903
1587000,1587,1.165,4.13,1.595,2.35,1.46,1.395321,-0.0015,0.0,0.0,-2.089579,2.072901
1591000,1591,1.354,3.82,1.7,2.54,1.62685,1.626851,0.0,0.0,0.0,-1.909079,2.020281
1598000,1598,1.387,4.645,1.804,2.76,1.785,1.78,0.0,0.0,-0.118672,-2.306468,2.384722
1599000,1599,1.283,4.787,1.972,2.75,1.95,1.911,0.0,0.0,0.0,-2.418659,2.479329
1601000,1601,1.184,4.386,1.9,2.56,1.867022,1.88,0.000207,0.0,0.16943,-2.232679,2.155062
1607000,1607,1.416,4.719,1.85,2.813,1.85151,1.82197,0.0,0.0,-0.007594,-2.43221,2.302464
1627000,1627,1.938,4.673,1.855,2.85,1.788771,1.788771,0.0,0.0,-0.116673,-2.369693,2.538206
1650000,1650,1.336,3.81,1.623,2.38,1.571,1.585,0.0,0.0,0.0,-1.917992,2.097016
1651000,1651,1.194,3.696,1.849,2.344,1.805,1.845,0.0,0.0,0.0,0.0,0.0
1654000,1654,1.41,4.775,1.877,2.72,1.837,1.873,0.0,0.0,0.0,0.0,0.0
1655000,1655,1.285,4.234,1.775,2.57,1.735,1.754,0.0,0.0,0.01892,-2.122885,2.238077
1658000,1658,1.417,4.358,1.78,2.699,1.757,1.761,0.0,0.0,0.0,0.0,0.0
1661000,1661,1.5,4.005,1.8,2.44,1.705,1.725,0.0,0.0,0.0,0.0,0.0
1662000,1662,1.354,3.068,1.41,2.032,1.345,1.32,0.0,0.0,0.0,0.0,0.0
1667000,1667,1.188,4.588,1.946,2.67,1.886,1.91,0.0,0.0,0.0,0.0,0.0
1668000,1668,1.28,4.76,1.824,2.743,1.736,1.736,0.0,0.0,0.0,0.0,0.0
2002000,2002,1.37,4.67,1.895,2.78,1.845,1.885,0.0,0.0,0.0,0.0,0.0
2003000,2003,1.393,3.774,1.683,2.467,1.665,1.665,0.0,0.0,0.042134,0.0,0.0
2004000,2004,1.255,3.995,1.72,2.329,1.701,1.701,0.0,0.0,0.0,0.0,0.0
2006000,2006,1.176,4.534,1.857,2.443,1.77,1.855,0.0,0.0,0.0,0.0,0.0
2007000,2007,1.285,4.24,1.775,2.57,1.735,1.754,0.0,0.0,0.01892,0.0,0.0
2009000,2009,1.419,5.012,1.911,2.915,1.88,1.885,0.0,0.0,0.0,0.0,0.0
2010000,2010,1.252,4.44,1.929,2.65,1.873,1.89,0.0,0.0,0.098766,0.0,0.0
2017000,2017,1.325,2.97,1.32,1.84,1.225,1.282,0.0,0.0,0.0,0.0,0.0
2019000,2019,1.46,4.183,1.975,2.615,1.73,1.75,0.0,0.0,0.0,0.0,0.0
2034000,2034,1.116,4.702,1.992,2.65,1.965,1.98,0.0,0.0,0.0,0.0,0.0
2038000,2038,1.184,3.989,1.864,2.38,1.81,1.805,0.0,0.0,0.0,0.0,0.0
2040000,2040,1.11,3.952,1.836,2.565,1.836,1.835,0.0,0.0,0.0,0.0,0.0
2042000,2042,1.172,5.02,2.075,2.7,1.995,2.049,0.0,0.0,0.0,0.0,0.0
2119000,2119,1.29,3.675,1.623,2.2,1.605,1.62,0.0,0.0,0.0,0.0,0.0
2121000,2121,1.29,4.44,1.765,2.55,1.729,1.719,0.0,0.0,0.0,0.0,0.0
2128000,2128,1.509,6.909,1.852,4.615,1.837,1.843,0.0,0.0,0.0,0.0,0.0
2131000,2131,1.457,4.988,1.899,2.915,1.85,1.865,0.0,0.0,0.0,0.0,0.0
2133000,2133,1.293,4.689,1.943,2.799,1.859,1.92,0.0,0.0,0.0,0.0,0.0
2140000,2140,1.43,4.425,1.636,2.456,1.48,1.455,0.0,0.0,0.0,0.0,0.0
2142000,2142,1.436,4.276,1.799,2.63,1.762,1.707,0.0,0.0,0.0,0.0,0.0
2145000,2145,1.997,4.622,2.0,2.9,2.062,2.044,0.0,0.0,0.0,0.0,0.0
2147000,2147,1.5,3.35,1.88,2.391,1.765,1.835,0.0,0.0,0.0,0.0,0.0
2148000,2148,1.966,4.333,1.998,2.9,1.981,1.981,0.0,0.0,0.0,0.0,0.0
2149000,2149,1.365,3.712,1.641,2.472,1.587,1.536,0.0,0.0,0.0,0.0,0.0
2151000,2151,1.941,4.3,1.801,2.4,1.539,1.524,0.0,0.0,0.0,0.0,0.0
2154000,2154,1.383,4.671,1.87,2.812,1.825,1.84,0.0,0.0,0.0,0.0,0.0
2161000,2161,1.02,3.68,1.6,2.2,1.495,1.525,0.0,0.0,0.0,0.0,0.0
2163000,2163,1.605,4.39,1.878,2.594,1.85,1.771,0.0,0.0,0.0,0.0,0.0
2164000,2164,1.165,4.459,1.924,2.62,1.895,1.925,0.0,0.0,0.012,0.0,0.0
2168000,2168,1.476,4.595,1.796,2.649,1.769,1.757,0.0,0.0,0.0,0.0,0.0
2171000,2171,1.219,3.955,1.679,2.266,1.659,1.645,0.0,0.0,0.0,0.0,0.0
2175000,2175,1.39,4.705,1.845,2.73,1.81,1.835,0.0,0.0,0.0,0.0,0.0
2177000,2177,1.151,4.493,1.928,2.71,1.914,1.901,0.0,0.0,0.0,0.0,0.0
2178000,2178,1.386,4.525,1.799,2.607,1.795,1.753,0.0,0.0,0.0,0.0,0.0
2179000,2179,1.417,3.975,1.74,2.469,1.699,1.677,0.0,0.0,0.0,0.0,0.0
2180000,2180,1.461,4.979,1.936,2.915,1.937,1.9,0.0,0.0,0.0,0.0,0.0
2183000,2183,1.33,4.884,1.953,2.852,1.985,1.947,0.0,0.0,0.0,0.0,0.0
2184000,2184,1.203,4.571,1.951,2.65,1.924,1.937,0.0,0.0,0.16993,0.0,0.0
2188000,2188,1.15,4.5,2.06,2.662,1.965,2.0,0.0,0.0,0.040323,0.0,0.0
2205000,2205,1.215,3.335,1.4,2.0,1.32,1.305,0.0,0.0,0.0,0.0,0.0
2216000,2216,1.359,5.197,1.986,2.997,1.8,1.749,0.0,0.0,0.0,0.0,0.0
2217000,2217,1.3,4.625,1.77,2.611,1.726,1.706,0.0,0.0,0.0,0.0,0.0
2242000,2242,1.262,4.638,1.938,2.68,1.984,1.984,0.0,0.0,0.0,0.0,0.0
2262000,2262,1.384,4.691,1.842,2.775,1.787,1.829,0.0,0.0,0.0,0.0,0.0
2263000,2263,1.415,5.019,1.923,2.951,1.9,1.9,8.0e-05,0.0,-0.083193,0.0,0.0
2267000,2267,1.243,3.915,1.732,2.314,1.7,1.705,0.0,0.0,0.0,0.0,0.0
2270000,2270,1.38,4.46,1.695,2.61,1.57,1.55,0.0,0.0,0.0,0.0,0.0
2272000,2272,1.325,3.955,1.495,2.28,1.465,1.39,0.0,0.0,0.0,0.0,0.0
2290000,2290,1.166,4.646,1.941,2.74,1.896,1.93,0.0,0.0,0.0,0.0,0.0
2297000,2297,1.28,4.46,1.852,2.355,1.764,1.84,0.0,0.0,0.0,0.0,0.0
2357000,2357,1.466,4.394,1.824,2.65,1.8,1.778,0.0,0.0,-0.005,0.0,0.0
2363000,2363,1.109,4.765,2.0,2.71,1.939,1.987,0.0,0.0,0.0,0.0,0.0
2371000,2371,1.116,4.896,2.051,2.65,2.0,1.96,0.0,0.0,0.0,0.0,0.0
2372000,2372,1.743,4.204,1.712,2.692,1.685,1.635,0.0,0.0,0.0,0.0,0.0
2400000,2400,1.261,4.834,1.995,2.72,1.897,1.915,0.0,0.0,0.0,0.0,0.0
2412000,2412,1.336,2.281,1.379,1.473,1.3,0.6,0.0,0.0,0.0,0.0,0.0
2416000,2416,1.27,3.607,1.651,2.032,1.6,1.613,0.0,0.0,0.0,0.0,0.0
2420000,2420,1.32,4.475,1.687,2.518,1.66,1.735,0.0,0.0,0.0,0.0,0.0
2421000,2421,1.453,5.019,1.834,2.911,1.832,1.82,0.0,0.0,0.0,0.0,0.0
2422000,2422,1.465,5.121,1.899,3.009,1.851,1.87,0.0,0.0,0.05,0.0,0.0
2430000,2430,1.425,3.215,1.85,2.348,1.82,1.82,0.0,0.0,0.0,0.0,0.0
2467000,2467,1.214,4.567,1.953,2.65,1.93,1.93,0.0,0.0,0.0,0.0,0.0
2468000,2468,1.481,5.1,1.905,3.058,1.88,1.9,0.0,0.0,0.0,0.0,0.0
2469000,2469,1.175,3.58,1.465,2.0,1.345,1.305,0.0,0.0,0.0,0.0,0.0
2470000,2470,1.205,4.807,2.062,2.791,2.03,2.015,0.0,0.0,0.0,0.0,0.0
2471000,2471,1.402,4.75,1.877,2.84,1.84,1.858,0.0,0.0,0.0,0.0,0.0
2472000,2472,1.202,4.53,2.095,2.654,1.895,1.905,0.0,0.0,0.0,0.0,0.0
2473000,2473,1.24,4.426,1.94,2.65,1.865,1.886,0.0,0.0,0.0,0.0,0.0
2486000,2486,1.127,4.3,1.96,2.695,1.979,1.961,0.0,0.0,0.0,0.0,0.0
2489000,2489,1.486,3.658,1.628,2.301,1.62,1.61,0.0,0.0,0.0,0.0,0.0
2494000,2494,1.78,4.872,2.019,2.924,2.0,1.97,0.0,0.0,0.0,0.0,0.0
2507000,2507,1.577,4.968,1.88,2.921,1.755,1.784,0.0,0.0,0.0,0.0,0.0
2512000,2512,1.365,4.66,1.69,2.615,1.64,1.64,0.0,0.0,0.0,0.0,0.0
2515000,2515,1.73,4.57,2.11,3.099,2.11,2.11,0.0,0.0,0.0,0.0,0.0
2517000,2517,1.727,5.588,2.48,3.15,2.26,2.26,0.0,0.0,0.0,0.0,0.0
2526000,2526,1.11,4.56,2.05,2.662,1.985,1.995,0.0,0.0,0.0,0.0,0.0
2527000,2527,1.279,4.739,2.06,2.805,1.9,1.945,0.0,0.0,0.005,0.0,0.0
2534000,2534,1.275,4.341,1.735,2.4,1.68,1.67,0.0,0.0,0.01,0.0,0.0
2535000,2535,1.283,4.521,1.89,2.499,1.81,1.88,0.0,0.0,0.0,0.0,0.0
2542000,2542,1.426,4.639,1.873,2.82,1.795,1.874,0.0,0.0,-0.008,0.0,0.0
2544000,2544,1.247,4.463,1.941,2.51,1.893,1.904,0.0,0.0,-0.069421,0.0,0.0
2549000,2549,0.92,4.78,1.88,2.3,1.815,1.875,0.0,0.0,0.0,0.0,0.0
2551000,2551,1.481,5.096,1.933,3.1,1.828,1.828,0.0,0.0,0.0,0.0,0.0
2552000,2552,1.64,4.567,2.446,3.073,2.25,2.25,0.0,0.0,0.0,0.0,0.0
2563000,2563,1.448,3.43,1.484,1.93,0.146,1.325,0.0,0.0,0.0,0.0,0.0
2566000,2566,1.951,3.871,1.666,2.286,1.67,1.615,0.0,0.0,0.0,0.0,0.0
2568000,2568,1.67,3.58,1.85,2.42,1.68,1.85,0.0,0.0,0.0,0.0,0.0
2569000,2569,1.07,4.0,1.85,2.56,1.8,1.855,0.0,0.0,0.0,0.0,0.0
2574000,2574,3.2,6.1,2.1,2.75,2.5,2.5,0.0,0.0,-0.054427,-2.184165,2.177385
2577000,2577,1.273,4.656,1.961,2.72,1.949,1.933,0.0,0.0,0.0,0.0,0.0
2613000,2613,2.05,4.508,2.007,2.642,2.055,1.915,0.0,0.0,0.0,0.0,0.0
2614000,2614,1.316,4.663,1.801,2.743,1.67,1.665,0.0,0.0,0.0,0.0,0.0
2616000,2616,1.143,4.924,2.062,2.7,1.995,2.049,0.0,0.0,0.0,0.0,0.0
2618000,2618,1.37,4.71,1.895,2.78,1.855,1.895,0.0,0.0,0.0,0.0,0.0
2625000,2625,1.742,5.141,1.998,2.992,2.01,2.005,0.0,0.0,0.0,0.0,0.0
2628000,2628,1.383,4.689,1.87,2.812,1.84,1.88,0.0,0.0,0.0,0.0,0.0
2636000,2636,1.575,5.51,2.032,3.1,1.946,2.022,0.0,0.0,0.0,0.0,0.0
2647000,2647,1.174,4.724,2.04,2.795,1.906,2.016,0.0,0.0,0.124476,0.0,0.0
2649000,2649,1.481,5.385,1.989,2.913,1.84,1.89,0.0,0.0,0.0,0.0,0.0
2652000,2652,1.915,4.17,1.875,2.42,1.79,1.79,0.0,0.0,0.0,0.0,0.0
2654000,2654,1.284,4.554,1.996,2.68,1.975,1.975,0.0,0.0,0.0,0.0,0.0
2659000,2659,1.295,4.52,1.73,2.525,1.68,1.675,0.0,0.0,0.005,0.0,0.0
2663000,2663,1.61,5.226,2.375,2.965,2.26,2.299,0.0,0.0,0.0,0.0,0.0
2711000,2711,1.46,4.511,1.77,2.639,1.714794,1.714793,0.0,0.0,0.044122,0.0,0.0
2712000,2712,1.41,4.56,1.694,2.601,1.69,1.67,0.0,0.0,0.0,0.0,0.0
2713000,2713,2.0,8.926,2.5,4.98,2.2,2.3,0.0,0.27,-0.39611,0.0,0.0
2714000,2714,2.0,12.241,2.821,6.718,2.521,2.546,0.0,0.0,0.55,-2.528961,2.642777
2738000,2738,1.3,4.675,1.888,2.72,1.8,1.84,0.001358,0.0,-0.03,0.0,0.0
2739000,2739,1.349,4.876,1.92,2.812,1.887,1.911,0.0,0.0,0.0,0.0,0.0
2742000,2742,1.84,4.0,2.14,2.7,2.083,2.07,0.0,0.0,0.0,0.0,0.0
2743000,2743,2.0,4.76,2.07,2.815,2.054,2.0,0.0,0.0,0.0,0.0,0.0
2745000,2745,1.8,5.639,2.324,3.181,2.11,2.116,0.0,0.0,0.0,0.0,0.0
2755000,2755,1.3,4.55,1.88,2.45,1.841,1.885,0.0,0.0,0.0,0.0,0.0
2773000,2773,1.7,4.938,1.984,2.873,1.945,1.95,0.0,0.0,0.0,0.0,0.0
2792000,2792,1.016,4.14,1.778,2.413,1.71067,1.793419,0.000677,0.0,0.144635,-2.098304,2.099989
2793000,2793,1.0,4.185,1.81,2.4,1.77,1.848037,0.0,0.0,0.0,-2.186868,2.190445
2794000,2794,1.311,4.275,1.775,2.272,1.65,1.745,0.0,0.0,0.0,0.0,0.0
2801000,2801,1.239,5.065,1.98,2.615,1.89,1.97,0.0,0.0,0.0,0.0,0.0
2822000,2822,1.78,4.499,1.695,2.335,1.635,1.63,0.0,0.0,0.0,0.0,0.0
2825000,2825,1.1,4.47,2.07,2.67,1.97,1.975,0.0,0.0,0.0,0.0,0.0
2841000,2841,1.76,4.826,1.959,2.913,1.946,1.946,0.0,0.0,0.0,0.0,0.0
2870000,2870,1.435,4.557,1.877,2.7,1.83,1.817,0.0,0.0,0.0,0.0,0.0
2871000,2871,1.502,3.353,1.829,2.591,1.81,1.855,0.0,0.0,0.0,0.0,0.0
2872000,2872,1.394,4.265,1.81,2.65,1.771798,1.771612,0.0,0.0,0.0,0.0,0.0
2902000,2902,2.0,8.926,2.5,4.98,2.2,2.3,0.0,0.27,-0.39611,0.0,0.0
2903000,2903,1.425,4.635,1.73,2.67,1.720842,1.715842,0.0,0.0,0.0,0.0,0.0
2909000,2909,1.38,5.026,2.038,2.951,1.94,1.96,8.0e-05,0.0,-0.083193,0.0,0.0
2910000,2910,1.12,4.293,2.05,2.662,1.97,1.991,0.0,0.0,-0.008,0.0,0.0
2935000,2935,1.65,4.7,2.515,3.21,2.05,2.35,0.0,0.0,0.0,0.0,0.0
2937000,2937,1.39,3.981,1.873,2.47,1.849,1.852,0.0,0.0,0.0,0.0,0.0
2968000,2968,1.111,4.54,1.926,2.778,1.906,1.906,0.0,0.0,0.0,0.0,0.0
2974000,2974,1.275,4.656,1.971,2.72,1.947,1.95,0.0,0.0,0.0,0.0,0.0
2986000,2986,2.818,6.0,2.48,3.85,2.334,2.285,0.0,0.0,0.0,0.0,0.0
2987000,2987,1.2,1.371,1.041,1.27,1.03,0.146,0.0,0.0,0.0,0.0,0.0
2992000,2992,1.22,4.45,1.66,2.44,1.535,1.544,0.0,0.0,0.0,0.0,0.0
2993000,2993,1.239,4.314,1.85,2.6,1.839,1.827,0.0,0.0,0.0,0.0,0.0
2995000,2995,1.41,3.945,1.61,2.4,1.61,1.552993,0.0,0.0,0.072012,0.0,0.0
2996000,2996,1.35,4.807,2.102,2.718,2.065,2.04,0.0,0.0,0.0,0.0,0.0
2997000,2997,1.37,5.182,1.994,3.016,1.978,1.928,0.0,0.0,0.0,0.0,0.0
3000000,3000,1.22,4.559,1.962,2.537,1.895,1.875,0.0,0.0,0.0,0.0,0.0
3003000,3003,1.11,4.547,1.981,2.524,1.925,1.944,0.0,0.0,0.0,0.0,0.0
3007000,3007,1.405,4.287,1.82,2.53,1.816,1.816,0.0,0.0,0.0,0.0,0.0
3031000,3031,1.35,4.337,1.829,2.283,1.732,1.729,0.0,0.0,0.0,0.0,0.0
3035000,3035,1.14,4.112,1.933,2.599,1.955,1.97,0.0,0.0,-0.01,0.0,0.0
3037000,3037,1.32,4.394,1.962,2.55,1.86,1.925,0.0,0.0,0.0,0.0,0.0
3051000,3051,1.42,4.13,1.875,2.493,1.898,1.892,0.0,0.0,0.0,0.0,0.0
3055000,3055,1.16,4.646,2.04,2.724,1.955,2.015,0.0,0.0,0.0,0.0,0.0
3062000,3062,0.972,4.06,2.0,2.4,1.813,1.925,0.0,0.0,-0.019,0.0,0.0
3063000,3063,1.839,5.34,1.916,3.15,1.91,1.86,0.0,0.0,0.0,0.0,0.0
3064000,3064,1.4,5.023,1.981,2.946,1.82,1.85,0.0,0.0,0.0,0.0,0.0
3072000,3072,1.298,4.557,1.88,2.454,1.853,1.905,0.0,0.0,0.0,0.0,0.0
3082000,3082,1.205,5.143,2.096,2.8,2.07,2.055,0.0,0.0,0.0,0.0,0.0
3087000,3087,1.203,4.512,1.908,2.67,1.88,1.868,0.0,0.0,0.16939,0.0,0.0
3088000,3088,1.54,4.902,2.096,2.788,2.065,2.045,0.0,0.0,0.0,0.0,0.0
3091000,3091,1.273,4.465,1.942,2.704,1.925,1.933,0.0,0.0,0.015,0.0,0.0
3107000,3107,2.367,5.855,2.159,4.215,2.042,2.042,0.0,0.0,0.0,0.0,0.0
3108000,3108,1.24,4.839,2.064,2.72,1.985,2.04,0.0,0.0,0.0,0.0,0.0
3110000,3110,1.9,4.826,2.28,2.927,2.245,2.245,0.0,0.0,0.0,0.0,0.0
3117000,3117,1.285,4.392,1.801,2.474,1.755,1.785,0.0,0.0,0.0,0.0,0.0
3118000,3118,1.232,4.567,1.966,2.71,1.925,1.93,0.0,0.0,0.0,0.0,0.0
3120000,3120,1.638,5.122,2.016,3.003,1.96,1.98,0.0,0.0,0.0,0.0,0.0
3123000,3123,1.3,4.519,1.852,2.45,1.835,1.867,0.0,0.0,0.0,0.0,0.0
3128000,3128,1.89,4.337,1.755,2.892,2.38,2.25,0.0,0.0,0.0,0.0,0.0
3129000,3129,1.437,4.228,1.777,2.625,1.745,1.725,0.0,0.0,0.0,0.0,0.0
3132000,3132,1.935,4.332,2.2,3.1,2.15,2.11,0.0,0.0,0.0,0.0,0.0
3134000,3134,1.445,4.372,1.874,2.669,1.845,1.82,0.0,0.0,0.0,0.0,0.0
3141000,3141,1.13,5.066,1.995,2.7,1.97,1.985,0.0,0.0,0.0,0.0,0.0
3149000,3149,1.32,4.784,1.897,2.811,1.9,1.92,0.0,0.0,0.0,0.0,0.0
3153000,3153,1.194,4.604,1.93,2.67,1.91,1.885,0.0,0.0,0.0,0.0,0.0
3156000,3156,1.12,5.092,1.943,2.73,1.9,1.943,0.0,0.0,0.0,0.0,0.0
3170000,3170,1.67,4.6,1.88,2.857,1.885,1.81,0.0,0.0,0.0,0.0,0.0
3173000,3173,1.26,4.306,1.879,2.465,1.82,1.82,0.0,0.0,0.0,0.0,0.0
3176000,3176,1.29,4.679,1.854,2.717,1.735,1.725,0.0,0.0,-0.0025,0.0,0.0
3180000,3180,1.33,3.705,1.572,2.42,1.575,1.51,0.0,0.0,0.04,0.0,0.0
3184000,3184,1.33,4.14,1.676,2.413,1.576,1.58,0.0,0.0,-0.015,0.0,0.0
3185000,3185,1.28,4.712,1.968,2.805,1.94,1.94,0.0,0.0,0.0,0.0,0.0
3187000,3187,1.73,4.445,2.0,2.889,1.945,1.93,0.0,0.08,0.0,0.0,0.0
3189000,3189,2.03,6.797,2.286,4.737,2.327,2.245,0.0,0.0,0.65,0.0,0.0
3190000,3190,1.61,5.283,2.009,3.043,1.956,1.976,0.0,0.0,0.0,0.0,0.0
3211000,3211,1.205,4.807,2.062,2.791,2.03,2.015,0.0,0.0,0.0,0.0,0.0
3212000,3212,1.198,4.815,2.038,2.906,2.032,2.045,0.0,0.0,0.02,0.0,0.0
3214000,3214,1.359,4.865,1.932,2.457,1.905,1.965,0.0,0.0,0.0,0.0,0.0
3225000,3225,1.318,4.587,1.938,2.669,1.888,1.92,0.0,0.0,0.0,0.0,0.0
3226000,3226,1.12,4.568,1.952,2.641,1.945,1.955,0.0,0.0,0.0,0.0,0.0
3227000,3227,1.206,4.605,1.976,2.649,1.923,1.953,0.0,0.0,0.0,0.0,0.0
3228000,3228,1.315,3.984,1.727,2.446,1.73,1.69,0.0,0.0,0.0,0.0,0.0
3232000,3232,1.15,4.572,2.108,2.673,2.025,1.973,0.0,0.0,0.0,0.0,0.0
3235000,3235,1.356,4.275,1.615,2.624,1.542,1.545,0.0,0.0,0.0,0.0,0.0
3241000,3241,1.35,4.584,2.006,2.625,1.91,1.935,0.0,0.0,0.0,0.0,0.0
3249000,3249,1.31,4.753,2.261,2.743,2.175,2.145,0.0,0.0,0.0,0.0,0.0
3250000,3250,1.46,4.994,1.852,2.939,1.895,1.86,0.0,0.0,0.0,0.0,0.0
3255000,3255,1.933,5.53,1.968,3.487,1.921,1.921,0.0,0.0,0.0,0.0,0.0
3257000,3257,1.41,3.975,1.69,2.43,1.655,1.64,0.0,0.0,0.05,0.0,0.0
3277000,3277,1.364,4.813,1.946,2.72,1.915,1.915,0.0,0.0,0.0,0.0,0.0
3287000,3287,1.1,4.8,1.9,2.718,1.854,1.845,0.0,0.0,0.0,0.0,0.0
3288000,3288,1.074,4.28,1.999,2.794,1.92,1.975,0.0,0.0,0.0,0.0,0.0
3289000,3289,1.136,4.943,2.098,2.7,1.975,2.035,0.0,0.0,0.0,0.0,0.0
3293000,3293,1.05,4.93,2.0,2.64,1.965,1.95,0.0,0.0,0.0,0.0,0.0
3307000,3307,1.316,4.331,1.869,2.55,1.874,1.885,0.0,0.0,0.0,0.0,0.0
3311000,3311,1.116,4.896,2.051,2.65,2.0,1.96,0.0,0.0,0.0,0.0,0.0
3312000,3312,1.155,4.657,1.996,2.72,1.965,1.975,0.0,0.0,0.0,0.0,0.0
3315000,3315,1.21,4.61,2.03,2.7,1.975,1.995,0.0,0.0,0.0,0.0,0.0
3318000,3318,1.404,4.781,1.866,2.827,1.848,1.84,0.0,0.0,0.0,0.0,0.0
3359000,3359,1.396,4.989,1.964,2.9,1.974,1.965,0.0,0.0,0.0,0.0,0.0
3363000,3363,1.28,4.675,1.885,2.72,1.885,1.88,0.0,0.0,-0.004,0.0,0.0
3364000,3364,1.144,4.578,1.99,2.7,1.977,1.997,0.0,0.0,0.0,0.0,0.0
3367000,3367,1.206,4.611,1.979,2.65,1.915,1.945,0.0,0.0,-0.003,0.0,0.0
3369000,3369,1.234,4.63,1.934,2.722,1.91,1.91,0.0,0.0,0.0,0.0,0.0
3371000,3371,1.165,4.52,1.933,2.62,1.905,1.925,0.0,0.0,0.012,0.0,0.0
3373000,3373,1.829,4.859,1.925,2.789,1.87,1.87,0.0,0.0,0.0,0.0,0.0
3374000,3374,1.819,5.392,1.91,3.236,1.92,1.925,0.0,0.0,0.0,0.0,0.0
3395000,3395,1.388,3.995,1.493,2.27,1.43,1.39,0.0,0.0,0.0,0.0,0.0
3400000,3400,1.276,4.461,2.057,2.692,2.045,1.978,0.0,0.0,0.0,0.0,0.0
3402000,3402,1.293,4.382,1.854,2.469,1.845,1.845,0.0,0.0,0.005,0.0,0.0
3404000,3404,1.846,5.372,2.343,2.934,2.3,2.29,0.0,0.0,0.0,0.0,0.0
3411000,3411,1.173,4.594,2.019,2.556,2.0,1.891,0.0,0.0,0.006,0.0,0.0
3412000,3412,1.476,4.62,1.839,2.649,1.809,1.804,0.0,0.0,-0.006,0.0,0.0
3413000,3413,1.436,4.276,1.799,2.63,1.761,1.735,0.0,0.0,0.0,0.0,0.0
3414000,3414,1.966,5.019,2.009,3.02,1.95,1.925,0.0,0.0,0.0,0.0,0.0
3434000,3434,1.41,4.476,1.854,2.693,1.815,1.847,0.0,0.0,0.0,0.0,0.0
3439000,3439,2.138,6.35,2.134,4.059,2.22,2.22,0.0,0.0,0.0,0.0,0.0
3441000,3441,1.401,5.382,2.235,2.904,2.16,2.16,0.0,0.0,0.0,0.0,0.0
3445000,3445,1.382,4.963,1.966,2.901,1.946,1.946,0.0,0.0,0.0,0.0,0.0
3449000,3449,1.122,4.459,2.0,2.588,2.0,2.0,0.0,0.0,0.01,0.0,0.0
3454000,3454,1.397,4.478,1.961,2.631,1.8,1.745,0.0,0.0,0.0,0.0,0.0
3476000,3476,2.085,6.761,2.69,4.47,2.17,2.347,0.0,0.0,0.0,0.0,0.0
3477000,3477,1.989,5.885,2.062,3.744,1.975,1.975,0.0,0.0,0.0,0.0,0.0
3482000,3482,1.157,4.6,2.059,2.67,1.912,1.931,0.0,0.0,0.0,0.0,0.0
3486000,3486,1.801,3.881,1.872,2.423,1.809695,1.829695,0.0,0.0,0.0,-2.238554,2.090235
3498000,3498,1.041,4.774,1.99,2.7,1.99,2.0,0.0,0.0,0.005,0.0,0.0
3518000,3518,1.362,4.867,1.907,2.827,1.895,1.89,0.0,0.0,0.0,0.0,0.0
3520000,3520,1.345,4.76,1.92,2.87,1.875,1.897,0.0,0.0,0.0,0.0,0.0
3523000,3523,1.229,4.413,2.092,2.454,2.016,1.997,0.0,0.0,0.015,0.0,0.0
3524000,3524,1.366,5.258,2.096,2.629,2.01,1.975,0.0,0.0,0.006,0.0,0.0
3533000,3533,1.465,4.29,1.789,2.63,1.75,1.725,0.0,0.0,-0.002,0.0,0.0
3534000,3534,1.404,3.874,1.803,2.495,1.735,1.72,0.0,0.0,0.0,0.0,0.0
3539000,3539,1.178,3.721,1.778,2.273,1.664,1.704,0.0,0.0,0.0,0.0,0.0
3540000,3540,1.245,3.013,1.8,2.35,1.65,1.65,0.0,0.0,0.0,0.0,0.0
3543000,3543,1.203,4.904,2.083,2.791,1.993,2.04,0.0,0.0,0.0,0.0,0.0
3548000,3548,1.77,4.4,1.68,2.72,1.595,1.615,0.0,0.0,0.0,0.0,0.0
3549000,3549,1.744,4.994,2.299,3.188,2.299,2.299,0.0,0.0,0.0,0.0,0.0
3551000,3551,1.307,4.534,2.007,2.68,1.905,1.93,0.0,0.0,0.0,0.0,0.0
3554000,3554,1.319,4.686,1.892,2.629,1.84,1.81,0.0,0.0,0.0,0.0,0.0
3580000,3580,1.68,5.039,1.998,3.06,1.983,1.989,0.0,0.0,0.0,0.0,0.0
3583000,3583,1.487,4.995,1.951,2.93,1.94,1.922,0.0,0.0,0.0,0.0,0.0
3584000,3584,1.424,5.009,1.95,2.93,1.95,1.93,0.0,0.0,0.0,0.0,0.0
3590000,3590,1.764,4.788,2.031,2.921,1.88,1.82,0.0,0.0,-0.035,0.0,0.0
3594000,3594,1.301,4.656,1.974,2.67,1.86,1.925,0.0,0.0,0.0,0.0,0.0
3595000,3595,1.186,4.71,1.972,2.65,1.94,1.967,0.0,0.0,0.0,0.0,0.0
3597000,3597,1.758,5.058,1.993,2.967,1.885,1.905,0.0,0.0,0.0,0.0,0.0
3599000,3599,1.164,4.352,1.85,2.7,1.821,1.82,0.0,0.0,0.147,0.0,0.0
3600000,3600,1.131,4.666,1.96,2.8,1.85,1.935,0.0,0.0,0.0,0.0,0.0
3603000,3603,1.941,4.802,2.327,3.093,2.4,2.287,0.0,0.0,0.0,0.0,0.0
3604000,3604,1.88,5.074,2.448,3.175,2.448,2.448,0.0,0.0,0.0,0.0,0.0
3605000,3605,1.836,5.499,2.426,3.21,2.255,2.32,0.0,0.0,0.0,0.0,0.0
3606000,3606,1.131,5.358,2.066,2.905,2.03,2.065,0.0,0.0,0.0,0.0,0.0
3608000,3608,1.133,4.98,2.101,2.7,1.995,2.055,0.0,0.0,0.0,0.0,0.0
3611000,3611,1.221,4.669,1.965,2.7,1.926,1.954,0.0,0.0,0.0,0.0,0.0
3616000,3616,1.28,4.605,2.024,2.634,1.97,2.005,0.0,0.0,0.008,0.0,0.0
3617000,3617,1.359,4.7,1.915,2.7,1.9,1.895,0.0,0.0,0.0,0.0,0.0
3622000,3622,1.369,4.689,1.895,2.779,1.845,1.885,0.0,0.0,0.0,0.0,0.0
3625000,3625,1.208,4.75,1.986,2.745,1.965,1.99,0.0,0.0,0.0,0.0,0.0
3629000,3629,1.455,3.995,1.805,2.56,1.795,1.815,0.0,0.0,0.0,0.0,0.0
3631000,3631,1.008,4.806,2.06,3.158,1.985,1.995,0.0,0.0,0.0,0.0,0.0
3645000,3645,1.393,4.794,1.887,2.857,1.87,1.87,0.0,0.0,0.0,0.0,0.0
3650000,3650,1.181,4.75,2.013,2.724,1.995,1.995,0.0,0.0,0.0,0.0,0.0
3655000,3655,1.194,4.557,1.946,2.67,1.91,1.885,0.0,0.0,0.0,0.0,0.0
3657000,3657,1.986,5.514,2.078,3.449,1.96,1.96,0.0,0.0,0.0,0.0,0.0
3661000,3661,1.129,4.084,1.802,2.37,1.75,1.815,0.0,0.0,0.0,0.0,0.0
3662000,3662,1.548,4.909,2.38,2.92,2.337,2.315,0.0,0.0,0.0,0.0,0.0
3665000,3665,1.238,3.004,1.753,2.342,1.637,1.7,0.0,0.0,0.0,0.0,0.0
3667000,3667,1.279,4.573,1.852,2.457,1.845,1.855,0.0,0.0,0.0,0.0,0.0
3668000,3668,1.193,4.539,1.913,2.64,1.89,1.9,0.0,0.0,0.0,0.0,0.0
3670000,3670,1.42,4.152,1.77,2.615,1.74,1.74,0.0,0.0,-0.005,0.0,0.0
3672000,3672,1.22,4.549,1.945,2.62,1.933,1.952,0.0,0.0,-0.002,0.0,0.0
3678000,3678,1.447,4.335,1.795,2.65,1.78,1.775,0.0,0.0,0.0,0.0,0.0
3686000,3686,2.013,3.296,1.88,2.438,1.84,1.84,0.0,0.0,0.0,0.0,0.0
3687000,3687,1.821,3.203,1.626,2.438,1.68,1.7,0.0,0.0,0.0,0.0,0.0
3692000,3692,2.004,5.911,2.032,3.696,1.99,1.995,0.0,0.0,0.0,0.0,0.0
3693000,3693,1.827,5.518,2.515,3.156,2.27,2.25,0.0,0.0,0.0,0.0,0.0
3698000,3698,1.19,4.326,1.99,2.56,1.92,2.04,0.0,0.0,-0.008,0.0,0.0
3700000,3700,1.223,4.836,1.975,2.671,1.91,1.925,0.0,0.0,0.007,0.0,0.0
3716000,3716,1.225,4.412,1.895,2.575,1.875,1.89,0.0,0.0,0.0,0.0,0.0
3719000,3719,1.422,4.765,1.815,2.775,1.792,1.812,0.0,0.0,0.0,0.0,0.0
3720000,3720,1.437,4.951,1.883,2.947,1.865,1.88,0.0,0.0,-0.012,0.0,0.0
3722000,3722,1.935,5.507,2.201,3.445,2.168,2.168,0.0,0.0,0.0,0.0,0.0
3724000,3724,1.187,4.565,1.958,2.6,1.96,1.95,0.0,0.0,0.0,0.0,0.0
3726000,3726,1.41,4.719,1.829,2.736,1.785,1.785,0.0,0.0,0.0,0.0,0.0
3728000,3728,1.399,4.85,1.954,2.851,1.94,1.93,0.0,0.0,0.0,0.0,0.0
3735000,3735,1.311,4.265,1.775,2.576,1.75,1.75,0.0,0.0,0.0,0.0,0.0
3736000,3736,1.976,4.851,2.177,2.959,2.145,2.135,0.0,0.0,0.0,0.0,0.0
3737000,3737,1.696,4.953,1.967,3.0,1.93,1.945,0.0,0.0,0.0,0.0,0.0
3744000,3744,1.316,4.394,2.083,2.515,2.03,1.943,0.0,0.0,0.0,0.0,0.0
3745000,3745,1.237,4.43,1.941,2.649,1.865,1.886,0.0,0.0,0.002,0.0,0.0
3750000,3750,1.9,4.725,1.785,2.725,1.745,1.73,0.0,0.0,0.0,0.0,0.0
3753000,3753,1.165,4.567,1.933,2.62,1.905,1.925,0.0,0.0,0.012,0.0,0.0
3755000,3755,1.804,4.922,2.243,3.11,2.23,2.2,0.0,0.0,0.014,0.0,0.0
3760000,3760,1.267,4.456,1.822,2.482,1.78,1.81,0.0,0.0,0.0,0.0,0.0
3761000,3761,1.311,4.265,1.775,2.576,1.75,1.75,0.0,0.0,0.0,0.0,0.0
3763000,3763,1.403,4.58,1.887,2.747,1.845,1.87,0.0,0.0,0.0,0.0,0.0
3764000,3764,1.468,5.001,1.903,2.982,1.895,1.87,0.0,0.0,0.0,0.0,0.0
3766000,3766,1.235,4.722,2.025,2.722,1.965,1.955,0.0,0.0,0.003,0.0,0.0
3767000,3767,1.214,4.534,1.938,2.629,1.885,1.915,0.0,0.0,0.0,0.0,0.0
3771000,3771,1.235,4.699,2.025,2.724,1.965,1.955,0.0,0.0,0.006,0.0,0.0
3773000,3773,1.407,4.595,1.89,2.736,1.86,1.855,0.0,0.0,0.0,0.0,0.0
3774000,3774,1.139,4.87,2.099,2.7,1.98,2.045,0.0,0.0,0.0,0.0,0.0
3775000,3775,1.136,4.868,2.098,2.7,1.975,2.035,0.0,0.0,0.0,0.0,0.0
3781000,3781,1.322,4.572,1.9,2.457,1.9,1.92,0.0,0.0,0.0,0.0,0.0
3783000,3783,1.4,4.035,1.7,2.48,1.64,1.642,0.0,0.0,0.0,0.0,0.0
3785000,3785,1.35,4.9,1.805,2.69,1.75,1.75,0.0,0.0,0.0,0.0,0.0
3789000,3789,1.621,2.92,1.493,1.94,1.45,1.45,0.0,0.0,0.004,0.0,0.0
3795000,3795,1.354,3.137,1.786,2.083,1.792,1.798,0.0,0.0,0.0,0.0,0.0
3798000,3798,1.185,3.948,1.741,2.323,1.72,1.73,0.0,0.0,0.0,0.0,0.0
3811000,3811,1.41,4.976,1.939,2.997,1.96,1.99,0.0,0.0,-0.005,0.0,0.0
3819000,3819,1.468,4.669,1.826,2.672,1.785,1.795,0.0,0.0,0.0,0.0,0.0
3823000,3823,1.245,3.915,1.735,2.31,1.705,1.71,0.0,0.0,0.0,0.0,0.0
3827000,3827,1.585,4.715,1.94,3.0,1.915,1.925,0.0,0.0,0.0,0.0,0.0
3829000,3829,1.331,4.952,1.995,2.905,1.965,1.975,0.0,0.0,-0.01,0.0,0.0
3840000,3840,1.248,4.525,1.956,2.62,1.934,1.941,0.0,0.0,0.0,0.0,0.0
3846000,3846,1.397,4.811,1.915,2.718,1.825,1.885,0.0,0.0,0.0,0.0,0.0
3847000,3847,1.402,4.818,1.917,2.718,1.89,1.925,0.0,0.0,0.0,0.0,0.0
3848000,3848,1.43,4.942,1.857,2.824,1.82,1.83,0.0,0.0,0.0,0.0,0.0
3849000,3849,2.047,5.908,2.209,3.693,2.205,2.195,0.0,0.0,0.0,0.0,0.0
3850000,3850,1.66,5.105,1.94,3.042,1.933,1.941,0.0,0.0,0.0,0.0,0.0
3851000,3851,1.265,3.86,1.65,2.3,1.57,1.57,0.0,0.0,0.0,0.0,0.0
3852000,3852,1.175,3.295,1.395,2.28,1.38,1.385,0.0,0.0,0.0,0.0,0.0
3854000,3854,1.15,3.295,1.395,2.235,1.35,1.35,0.0,0.0,0.0,0.0,0.0
3855000,3855,1.365,3.74,1.63,2.3,1.515,1.5,0.0,0.0,0.0,0.0,0.0
3856000,3856,1.395,3.635,1.58,2.3,1.53,1.515,0.0,0.0,-0.007,0.0,0.0
3858000,3858,1.495,4.8,1.755,2.72,1.665,1.715,0.0,0.0,0.0,0.0,0.0
3859000,3859,1.47,3.38,1.57,2.22,1.555,1.555,0.0,0.0,0.0,0.0,0.0
3860000,3860,1.86,3.48,1.595,2.26,1.55,1.495,0.0,0.0,0.0,0.0,0.0
3865000,3865,1.735,3.255,1.395,1.9,1.365,1.35,0.0,0.0,0.0,0.0,0.0
3880000,3880,1.453,4.409,1.849,2.639,1.815,1.825,0.0,0.0,-0.005,0.0,0.0
3886000,3886,1.42,4.31,1.695,2.51,1.67,1.675,0.0,0.0,0.0,0.0,0.0
3891000,3891,1.16,4.947,2.033,2.779,1.98,2.035,0.0,0.0,0.0,0.0,0.0
3895000,3895,1.303,4.143,1.816,2.431,1.765,1.785,0.0,0.0,0.0,0.0,0.0
3903000,3903,1.487,4.091,1.735,2.493,1.71,1.685,0.0,0.0,0.0,0.0,0.0
3904000,3904,1.454,4.393,1.825,2.7,1.81,1.8,0.0,0.0,0.0,0.0,0.0
3908000,3908,1.512,3.894,1.752,2.538,1.71,1.72,0.0,0.0,0.0,0.0,0.0
3910000,3910,1.338,4.53,1.864,2.45,1.85,1.87,0.0,0.0,0.0,0.0,0.0
3914000,3914,1.375,4.76,1.71,2.68,1.665,1.7,0.0,0.0,0.0,0.0,0.0
3917000,3917,1.237,4.43,1.941,2.649,1.865,1.886,0.0,0.0,0.002,0.0,0.0
3918000,3918,1.425,4.875,1.765,2.8,1.725,1.715,0.0,0.0,0.0,0.0,0.0
3921000,3921,1.316,4.399,1.869,2.55,1.825,1.865,0.0,0.0,0.0,0.0,0.0
3928000,3928,1.44,4.075,1.775,2.58,1.759,1.756,0.0,0.0,0.0,0.0,0.0
3929000,3929,1.48,3.74,1.57,2.3,1.515,1.495,0.0,0.0,0.0,0.0,0.0
3933000,3933,1.4,4.715,1.755,2.73,1.705,1.72,0.0,0.0,0.0,0.0,0.0
3953000,3953,1.303,4.536,1.902,2.451,1.835,1.905,0.0,0.0,0.0,0.0,0.0
3955000,3955,2.088,5.936,2.235,3.687,2.15,2.14,0.0,0.0,0.0,0.0,0.0
3959000,3959,1.461,5.017,1.99,2.946,1.96,1.97,0.0,0.0,-0.084,0.0,0.0
3960000,3960,1.375,3.295,1.395,2.31,1.36,1.35,0.0,0.0,0.0,0.0,0.0
3983000,3983,1.695,4.948,2.019,2.972,1.994,2.003,0.0,0.0,0.0,0.0,0.0
3999000,3999,1.285,4.445,1.695,2.525,1.655,1.645,0.0,0.0,0.0,0.0,0.0
4038000,4038,1.41,4.4,1.72,2.67,1.705,1.69,0.0,0.0,0.0,0.0,0.0
4055000,4055,1.4,3.79,1.625,2.3,1.565,1.55,0.0,0.0,0.0,0.0,0.0
4057000,4057,1.36,4.675,1.78,2.72,1.725,1.735,0.0,0.0,0.0,0.0,0.0
4069000,4069,1.369,4.346,1.679,2.563,1.615,1.61,0.0,0.0,0.0,0.0,0.0
4081000,4081,1.295,4.975,1.995,3.0,1.965,1.98,0.0,0.0,0.005,0.0,0.0
4084000,4084,1.101,4.691,2.007,2.33,1.83,1.835,0.0,0.0,-0.014,0.0,0.0
4085000,4085,1.564,3.492,1.6,1.805,1.565,1.525,0.0,0.0,0.025,0.0,0.0
4090000,4090,1.405,4.35,1.77,2.51,1.735,1.73,0.0,0.0,0.0,0.0,0.0
4094000,4094,1.369,4.689,1.895,2.779,1.845,1.885,0.0,0.0,0.0,0.0,0.0
4114000,4114,1.34,4.545,1.755,2.615,1.72,1.72,0.0,0.0,0.0,0.0,0.0
4119000,4119,1.38,4.755,1.78,2.72,1.7,1.725,0.0,0.0,0.0,0.0,0.0
4124000,4124,1.938,4.673,1.855,2.85,1.788771,1.788771,0.0,0.0,-0.116673,-2.369693,2.538206
4125000,4125,1.735,3.255,1.395,1.9,1.365,1.35,0.0,0.0,0.0,0.0,0.0
4126000,4126,1.512,3.894,1.752,2.538,1.71,1.72,0.0,0.0,0.0,0.0,0.0
4127000,4127,1.9,4.725,1.785,2.725,1.745,1.73,0.0,0.0,0.0,0.0,0.0
4128000,4128,1.468,4.669,1.826,2.672,1.785,1.795,0.0,0.0,0.0,0.0,0.0
4129000,4129,1.495,4.8,1.755,2.72,1.665,1.715,0.0,0.0,0.0,0.0,0.0
4144000,4144,1.23,4.295,1.76,2.425,1.69,1.69,0.0,0.0,0.0,0.0,0.0
4145000,4145,1.397,4.178,1.96,2.311,1.77,1.8,0.0,0.0,0.0,0.0,0.0
4158000,4158,1.22,4.505,1.895,2.605,1.904,1.959,0.0,0.0,-0.020759,-2.323161,2.345026
4160000,4160,1.86,3.48,1.595,2.26,1.55,1.495,0.0,0.0,0.0,0.0,0.0
4162000,4162,1.335,4.285,1.625,2.4,1.75026,1.76016,0.002104,0.0,-0.059995,-2.159271,2.189209
4163000,4163,1.77,4.4,1.68,2.72,1.595,1.615,0.0,0.0,0.0,0.0,0.0
4164000,4164,1.9,4.265,1.775,2.67,2.4,2.27,0.0,0.0,-0.025,0.0,0.0
4165000,4165,1.377,4.064,1.6,2.311,1.77616,1.81079,0.0,0.0,0.0,-2.043036,2.030506
4166000,4166,1.403,4.58,1.887,2.747,1.905,1.905,0.0,0.0,0.0,0.0,0.0
4167000,4167,1.37,4.67,1.895,2.78,1.845,1.885,0.0,0.0,0.0,0.0,0.0
4168000,4168,1.316,4.663,1.801,2.743,1.75,1.75,0.0,0.0,0.0,0.0,0.0
4169000,4169,1.342,4.43,1.72,2.665,1.698349,1.704349,0.0,0.0,-0.125575,-2.231003,2.318982
4171000,4171,1.758,5.058,1.993,2.967,2.465,2.385,0.0,0.0,0.0,0.0,0.0
4175000,4175,2.085,6.761,2.69,4.47,2.17,2.347,0.0,0.0,0.0,0.0,0.0
4179000,4179,1.34,4.545,1.755,2.615,1.765,1.765,0.0,0.0,0.0,0.0,0.0
4197000,4197,1.224,3.947,1.674,2.266,1.72,1.82,0.0,0.02,-0.043,-1.969736,2.087581
4198000,4198,1.194,4.488,1.923,2.443,1.775669,1.85,0.0,0.0,-0.047,-2.317517,2.324706
4199000,4199,1.819,5.392,1.91,3.236,1.92,1.925,0.0,0.0,0.0,0.0,0.0
4200000,4200,1.122,4.459,2.0,2.588,2.0,2.0,0.0,0.0,0.01,0.0,0.0
4210000,4210,1.13,4.407,2.235,2.299,1.81,1.83,0.0,0.0,0.0,0.0,0.0
4211000,4211,1.245,4.076,1.847,2.286,1.815,1.725,0.0,0.0,0.0,0.0,0.0
4212000,4212,1.161,4.769,2.159,2.63,1.83,1.865,0.0,0.0,0.0,0.0,0.0
4213000,4213,1.23,4.731,2.108,2.553,1.82,1.825,0.0,0.0,-0.012,0.0,0.0
4214000,4214,1.225,4.731,1.981,2.546,1.84,1.895,0.0,0.0,-0.006,0.0,0.0
4216000,4216,1.735,3.255,1.395,1.9,1.365,1.35,0.0,0.0,0.0,0.0,0.0
4221000,4221,1.195,4.82,2.0,2.725,2.005,2.005,0.0,0.0,-0.002,0.0,0.0
4222000,4222,1.29,4.47,1.69,2.475,1.65,1.655,0.0,0.0,0.0,0.0,0.0
4223000,4223,1.36,4.6,1.785,2.665,1.745,1.75,0.0,0.0,0.0,0.0,0.0
4231000,4231,1.182,4.723,2.023,2.407,1.835,1.915,0.0,0.0,0.0,0.0,0.0
4232000,4232,1.156,4.382,1.957,2.506,1.92,1.975,0.0,0.0,-0.005,0.0,0.0
4234000,4234,1.43,4.54,1.77,2.7,1.725,1.73,0.0,0.0,0.0,0.0,0.0
4250000,4250,1.335,4.285,1.625,2.4,1.57026,1.58816,0.002104,0.0,-0.059995,-2.159271,2.189209
4251000,4251,1.285,4.135,1.75,2.4,1.646,1.72,0.0,0.0,0.01,-2.239446,2.10017
4252000,4252,1.39,4.365,1.77,2.52,1.701,1.70112,0.0,0.0,0.0,-2.32432,2.275746
4254000,4254,1.25,4.674,2.121,2.584,1.785,1.755,0.0,0.0,0.0,0.0,0.0
4255000,4255,1.515,4.695,1.695,2.785,1.645,1.62,0.0,0.0,0.0,0.0,0.0
4257000,4257,1.75,4.4,1.695,2.75,1.67,1.655,0.0,0.0,0.0,0.0,0.0
4259000,4259,1.285,4.24,1.775,2.57,1.88,1.953,0.0,0.0,0.02,0.0,0.0
4260000,4260,1.369,4.689,1.895,2.779,1.845,1.885,0.0,0.0,0.0,0.0,0.0
4261000,4261,1.265,4.245,1.795,2.272,1.66,1.815,0.0,0.0,0.0,-2.250385,2.233509
4263000,4263,1.195,4.82,2.0,2.725,2.005,2.005,0.0,0.0,-0.002,0.0,0.0
4264000,4264,1.116,4.896,2.051,2.65,2.0,1.96,0.0,0.0,0.0,0.0,0.0
4265000,4265,1.28,4.605,2.024,2.634,1.97,2.005,0.0,0.0,0.008,0.0,0.0
4266000,4266,1.393,4.794,1.887,2.857,1.87,1.87,0.0,0.0,0.0,0.0,0.0
4267000,4267,1.45,4.49,1.77,2.625,1.69,1.7,0.0,0.0,-0.02,-2.421488,2.350051
4268000,4268,2.047,5.908,2.209,3.693,2.205,2.195,0.0,0.0,0.0,0.0,0.0
4277000,4277,1.285,4.623,2.108,2.56,1.835,1.775,0.0,0.0,0.0,0.0,0.0
4278000,4278,1.933,4.923,1.979,2.85,1.9,1.925,0.0,0.0,0.0,0.0,0.0
4287000,4287,1.375,3.295,1.395,2.31,1.36,1.35,0.0,0.0,0.0,0.0,0.0
4303000,4303,1.37,4.67,1.895,2.78,1.845,1.885,0.0,0.0,0.0,0.0,0.0
4313000,4313,0.92,4.78,1.88,2.3,1.815,1.875,0.0,0.0,0.0,0.0,0.0
4315000,4315,1.2,1.371,1.041,1.27,1.03,0.146,0.0,0.0,0.0,0.0,0.0
4332000,4332,1.515,4.695,1.695,2.785,1.645,1.62,0.0,0.0,0.0,0.0,0.0
4333000,4333,1.75,4.4,1.695,2.75,1.67,1.655,0.0,0.0,0.0,0.0,0.0
4341000,4341,1.12,4.568,1.952,2.641,1.945,1.955,0.0,0.0,0.0,0.0,0.0
4342000,4342,1.175,3.58,1.465,2.0,1.345,1.305,0.0,0.0,0.0,0.0,0.0
